format:
nodes_neighbor_ids:   [[1,2], [3,4,5], [6], ...]  # node 0's neighbors are [1,2], node 1's are [3,4,5], etc.
nodes_edge_ids:       [[100,101], [102,103,104], [105], ...]  # corresponding edge IDs
nodes_neighbor_times: [[1.2,1.5], [1.7,1.8,2.0], [2.1], ...]  # corresponding timestamps
nodes_neighbor_idx:   [[0,1], [0,1,2], [0], ...]  # corresponding indices


First 5 entries of neighbor IDs:
[array([], dtype=float64), array([106368, 106369, 106370, 106371, 106372, 106373, 106374, 106375,
       106376, 106377, 106378, 106379, 106380, 106381, 106382, 106383,
       106384, 106385, 106386, 106387, 106388, 106389, 106390, 106391,
       106392, 106393, 106394, 106395, 106396], dtype=int32), array([], dtype=float64), array([106928, 106931, 106932, 106933, 106934], dtype=int32), array([107444, 107445, 107446, 107447, 107448, 107449, 107450, 107451,
       107452, 107453, 107454, 107455, 107456, 107457, 107458, 107459,
       107460, 107461, 107462, 107463, 107464, 107465, 107466, 107467,
       107468, 107469, 107470, 107471, 107472, 107473, 107474, 107475,
       107476, 107477, 107478, 107479, 107480, 107481, 107482, 107483,
       107484, 107485, 107486, 107487, 107488, 107489, 107490, 107491,
       107492, 107493, 107494, 107495, 107496, 107497, 107498, 107499,
       107500, 107501, 107502, 107503, 107504, 107505, 107506, 107507,
       107508, 107509, 107510, 107511, 107512, 107513, 107514, 107515,
       107516, 107517, 107518, 107519, 107520, 107521, 107522, 107523,
       107524, 107525, 107526, 107527, 107528, 107529, 107530, 107531,
       107532, 107533, 107534, 107535, 107536, 107537, 107538, 107539,
       107540, 107541, 107542, 107543, 107544, 107545, 107546, 107547,
       107548, 107549, 107550, 107551, 107552, 107553, 107554, 107555,
       107556, 107557, 107558, 107559, 107560, 107561, 107562, 107563,
       107564, 107565, 107566, 107567, 107568, 107569, 107570, 107571,
       107572, 107573, 107574, 107575, 107576, 107577, 107578, 107579,
       107580, 107581, 107582, 107583, 107584, 107585, 107586, 107587,
       107588, 107589, 107590, 107591, 107592, 107593, 107594, 107595,
       107596, 107597, 107598, 107599, 107601, 107602, 107603, 107604,
       107605, 107606, 107607, 107608, 107609, 107610, 107611, 107612,
       107613, 107614, 107615, 107616, 107617, 107618, 107619, 107620,
       107621, 107622, 107623, 107624, 107625, 107626, 107627, 107628,
       107629, 107630, 107631, 107632, 107633, 107634, 107635, 107636,
       107637, 107638, 107639, 107640, 107641, 107642, 107643, 107644,
       107645, 107646, 107647, 107648, 107649, 107650, 107651, 107652,
       107653, 107654, 107655, 107656, 107657, 107658, 107659, 107660,
       107661, 107662, 107663, 107664, 107665, 107666, 107667, 107668,
       107669, 107670, 107671, 107672, 107673, 107674, 107675, 107676,
       107677, 107678, 107679, 107680, 107681, 107682, 107683, 107684,
       107685, 107686, 107687, 107688, 107689, 107690, 107691, 107692,
       107693, 107694, 107695, 107696, 107697, 107698, 107699, 107700,
       107701, 107702, 107703, 107704, 107705, 107706, 107707, 107708,
       107709, 107710, 107711, 107712, 107713, 107714, 107715, 107716,
       107717, 107718, 107719, 107720, 107721, 107722, 107723, 107724,
       107725, 107726, 107727, 107728, 107729, 107730, 107731, 107732,
       107733, 107734, 107735, 107736, 107737, 107738, 107739, 107740,
       107741, 107742, 107743, 107744, 107745, 107746, 107747, 107748,
       107749, 107750, 107751, 107752, 107753, 107754, 107755, 107756,
       107757, 107758, 107759, 107760, 107761, 107762, 107763, 107764,
       107765, 107767, 107768, 107769, 107770, 107771, 107772, 107773,
       107774, 107775, 107776, 107777, 107778, 107779, 107780, 107781,
       107782, 107783, 107784, 107785, 107786, 107787, 107788, 107789,
       107790, 107791, 107792, 107793, 107794, 107795, 107796, 107797,
       107798, 107799, 107800, 107801, 107802, 107803, 107804, 107805,
       107806, 107807, 107808, 107809, 107810, 107811, 107812, 107813,
       107814, 107815, 107816, 107817, 107818, 107819, 107820, 107821,
       107822, 107823, 107824, 107825, 107826, 107827, 107828, 107829,
       107830, 107831, 107832, 107833, 107834, 107835, 107836, 107837,
       107838, 107839, 107840, 107841, 107842, 107843, 106418, 107844,
       107845, 107846, 107847, 107848, 107849, 107850, 107851, 107852,
       107854, 107855, 107856, 107857, 107858, 107859, 107860, 107861,
       107862, 107863, 107864, 107865, 107866, 107867, 107868, 107869,
       107870, 107871, 107872, 107873, 107874, 107875, 107876, 107877,
       107878, 107879, 107880, 107881, 107882, 107883, 107884, 107885,
       107886, 107887, 107888, 107889, 107890, 107891, 107892, 107893,
       107894, 107895, 107896, 107897, 107898, 107899, 107900, 107901,
       107902, 107903, 107904, 107905, 107906, 107907, 107908, 107909,
       107910, 107911, 107912, 107913, 107914, 107915, 107916, 107917,
       107918, 107919, 107921, 107922, 107923, 107924, 107925, 107926,
       107927, 107929, 107930, 107931, 107932, 107933, 107934, 107935,
       107936, 106455, 107937, 107938, 107939, 107940, 107941, 107942,
       107943, 107944, 107945, 107946, 107947, 107948, 107949, 107950,
       107951, 107952, 107953, 107954, 107955, 107956, 107957, 107958,
       107960, 107961, 107962, 107963, 107964, 107965, 107966, 107967,
       107968, 107969, 107970, 107971, 107972, 107973, 107974, 107975,
       107976, 107977, 107978, 107979, 107980, 107981, 107982, 107983,
       107984, 107985, 107986, 107987, 107988, 107989, 107990, 107991,
       107992, 107993, 107994, 107995, 107996, 107997, 107998, 107999,
       108000, 108001, 108002, 108003, 108004, 108005, 108006, 108007,
       108008, 108009, 108010, 108011, 108012, 108013, 108014, 108015],
      dtype=int32)]

First 5 entries of edge IDs:
[array([], dtype=float64), array([1915185, 3608912, 3768015, 3768743, 3780872, 3834269, 3835626,
       3836229, 3852232, 3852287, 3853292, 3929356, 4094772, 4134844,
       4134988, 4134994, 4135005, 4135055, 4135069, 4148574, 4462112,
       5160305, 5178295, 5178451, 5178463, 6359003, 6359505, 6386443,
       6679142], dtype=int32), array([], dtype=float64), array([13910234, 13987441, 14316412, 14359044, 14359126], dtype=int32), array([  284431,   284444,   311874,   312424,   312445,   312506,
         312562,   322617,   322630,   323274,   323996,   324024,
         324803,   325048,   326701,   326706,   326712,   326716,
         329301,   329322,   329442,   330575,   331253,   331990,
         337176,   348677,   349188,   349225,   385931,   417446,
         438702,   439696,   466971,   637259,   637263,   641207,
         727926,   738341,   803216,   803369,   804820,   811170,
         811279,   811378,   815606,   815933,   815935,   815938,
         816069,   832511,   832512,   832654,   832806,   832816,
         833643,   833867,   834921,   836539,   867797,   867845,
         867857,   931482,   946032,   946046,  1003562,  1003565,
        1003571,  1003575,  1047297,  1175887,  1176039,  1388470,
        1388637,  1388754,  1422569,  1422590,  1424189,  1424467,
        1426252,  1459136,  1459437,  1459455,  1459490,  1459622,
        1460361,  1461992,  1462029,  1462046,  1462368,  1464439,
        1471658,  1471985,  1473886,  1474155,  1474974,  1475043,
        1481644,  1481646,  1481675,  1481682,  1484453,  1486482,
        1486865,  1487310,  1493054,  1493339,  1503269,  1503289,
        1503291,  1503297,  1503313,  1503755,  1503969,  1504683,
        1504755,  1505226,  1510369,  1515520,  1516788,  1516974,
        1517043,  1517065,  1517194,  1519319,  1522224,  1522225,
        1522227,  1522233,  1523585,  1527787,  1550120,  1550122,
        1550126,  1553012,  1553046,  1554228,  1589971,  1589978,
        1610939,  1610947,  1612118,  1646603,  1705149,  1705160,
        1705493,  1706258,  1707115,  1707285,  1710940,  1710972,
        1746764,  1747270,  1747959,  1748130,  1758063,  1758070,
        1780650,  1796272,  1843762,  1845239,  1883280,  1920190,
        1920609,  1920639,  1923529,  1923550,  1923559,  1923568,
        1923608,  1929042,  1931878,  1965984,  1965991,  1966702,
        1966938,  1966968,  1967577,  1967665,  1968597,  2014578,
        2111081,  2111299,  2114918,  2115144,  2153191,  2153264,
        2153359,  2155422,  2155459,  2155530,  2163463,  2165100,
        2166488,  2168065,  2171222,  2172786,  2241928,  2241937,
        2241948,  2318957,  2337410,  2350197,  2370017,  2370075,
        2380530,  2424636,  2437551,  2467329,  2469916,  2473254,
        2480773,  2492212,  2492698,  2500481,  2502759,  2502848,
        2509377,  2537865,  2540373,  2541314,  2541346,  2541368,
        2541380,  2541398,  2541412,  2541430,  2541469,  2541488,
        2541558,  2541576,  2541614,  2541633,  2541710,  2543116,
        2550281,  2550379,  2550596,  2550637,  2557346,  2567595,
        2618210,  2619868,  2620126,  2623917,  2625368,  2636558,
        2636632,  2639578,  2644502,  2646726,  2647157,  2674495,
        2674963,  2759457,  2761769,  2761820,  2778286,  2784081,
        2785951,  2785976,  2785982,  2821851,  2824985,  2831848,
        2837144,  2842822,  2843397,  2851157,  2851265,  2851762,
        2852175,  2853502,  2853619,  2861867,  2863477,  2863620,
        2863623,  2864525,  2871116,  2920224,  2920242,  2920800,
        2920828,  2920888,  2920898,  2920991,  2920994,  2922317,
        3001655,  3002180,  3002196,  3002434,  3016406,  3016419,
        3021714,  3023149,  3026644,  3028439,  3029254,  3029338,
        3035636,  3035845,  3041346,  3052820,  3058728,  3059713,
        3059958,  3060102,  3060510,  3060549,  3061352,  3063065,
        3074739,  3084142,  3212437,  3239178,  3240058,  3240219,
        3293967,  3293984,  3295735,  3311157,  3315397,  3325363,
        3325584,  3335311,  3336809,  3337586,  3342681,  3347419,
        3347851,  3449292,  3449326,  3686854,  3687290,  3700694,
        3769823,  3965296,  3967887,  3977773,  3985460,  3985477,
        3987583,  3987804,  3991467,  3993155,  3996479,  3996537,
        4025065,  4025071,  4025087,  4025097,  4025102,  4025109,
        4025151,  4025168,  4036894,  4083915,  4085699,  4104725,
        4108630,  4112434,  4116522,  4116846,  4167530,  4168888,
        4184456,  4185812,  4185831,  4185859,  4186060,  4192620,
        4196392,  4204418,  4295103,  4321807,  4322094,  4409428,
        4409490,  4409930,  4413120,  4413288,  4413295,  4413577,
        4413591,  4495113,  4523112,  4525145,  4525163,  4534170,
        4534215,  4534287,  4534629,  4619483,  4621027,  4646959,
        4661134,  4672663,  4699365,  4704999,  4705171,  4710417,
        4810492,  4810615,  4810683,  4818153,  4822205,  4826516,
        4875314,  4894799,  4894833,  4907580,  4907840,  4908999,
        4909452,  4915398,  4917702,  4918209,  4924742,  4934404,
        4934992,  4951678,  5004308,  5004346,  5004393,  5005544,
        5006295,  5006409,  5007052,  5007839,  5008225,  5008439,
        5008448,  5008470,  5010555,  5010694,  5011078,  5011099,
        5013317,  5013323,  5014544,  5016675,  5035877,  5037216,
        5039163,  5041194,  5042201,  5044340,  5115818,  5116787,
        5123726,  5136354,  5136365,  5136408,  5136426,  5139842,
        5139864,  5140095,  5147438,  5147604,  5147754,  5162677,
        5162689,  5172959,  5183688,  5183706,  5197485,  5197574,
        5205438,  5213990,  5251684,  5251856,  5299724,  5303831,
        5311506,  5313935,  5317401,  5328266,  5328965,  5450006,
        5450247,  5451528,  5452811,  5452876,  5454303,  5457793,
        5493384,  5503614,  5519426,  5519780,  5522489,  5527347,
        5531491,  5536464,  5536536,  5538535,  5558243,  5565958,
        5599453,  5605266,  5618610,  5619241,  5620787,  5621698,
        5704782,  5704833,  5706842,  5707205,  5707239,  5710191,
        5710724,  5727654,  5727847,  5737725,  5779784,  5967040,
        6262067,  6335764,  6517614,  6518019,  6519167,  6519225,
        6519298,  6519475,  6519719,  6539447,  6625118,  6645510,
        6793351,  6797473,  6815722,  6906440,  6906640,  6907176,
        6914556,  6914943,  6922233,  6928841,  6935593,  6938681,
        6956892,  6970148,  6970167,  6970213,  6982549,  6987640,
        6994814,  7010425,  7010460,  7010906,  7047924,  7102104,
        8118675,  8119288,  8254116,  8254164,  8254277,  8254338,
        8254354,  8270098,  8293187,  8821411,  9079128,  9085024,
        9087619,  9311236, 10390237, 10882156], dtype=int32)]

First 5 entries of neighbor timestamps:
[array([], dtype=float64), array([1.68245598e+09, 1.68289768e+09, 1.68295007e+09, 1.68295026e+09,
       1.68295308e+09, 1.68296497e+09, 1.68296524e+09, 1.68296537e+09,
       1.68296827e+09, 1.68296828e+09, 1.68296850e+09, 1.68298229e+09,
       1.68303472e+09, 1.68304396e+09, 1.68304400e+09, 1.68304400e+09,
       1.68304400e+09, 1.68304401e+09, 1.68304401e+09, 1.68304722e+09,
       1.68312876e+09, 1.68330300e+09, 1.68330649e+09, 1.68330652e+09,
       1.68330652e+09, 1.68364444e+09, 1.68364455e+09, 1.68365116e+09,
       1.68373751e+09]), array([], dtype=float64), array([1.68624044e+09, 1.68626134e+09, 1.68636416e+09, 1.68638268e+09,
       1.68638272e+09]), array([1.68093180e+09, 1.68093188e+09, 1.68101583e+09, 1.68101783e+09,
       1.68101789e+09, 1.68101820e+09, 1.68101840e+09, 1.68104908e+09,
       1.68104910e+09, 1.68105067e+09, 1.68105288e+09, 1.68105294e+09,
       1.68105482e+09, 1.68105566e+09, 1.68106055e+09, 1.68106060e+09,
       1.68106063e+09, 1.68106066e+09, 1.68106869e+09, 1.68106877e+09,
       1.68106909e+09, 1.68107228e+09, 1.68107367e+09, 1.68107524e+09,
       1.68108407e+09, 1.68109688e+09, 1.68109734e+09, 1.68109736e+09,
       1.68114500e+09, 1.68116619e+09, 1.68118160e+09, 1.68118241e+09,
       1.68121941e+09, 1.68134633e+09, 1.68134633e+09, 1.68134937e+09,
       1.68143331e+09, 1.68144264e+09, 1.68152219e+09, 1.68152233e+09,
       1.68152424e+09, 1.68153166e+09, 1.68153185e+09, 1.68153199e+09,
       1.68153869e+09, 1.68153919e+09, 1.68153919e+09, 1.68153919e+09,
       1.68153935e+09, 1.68156372e+09, 1.68156372e+09, 1.68156381e+09,
       1.68156404e+09, 1.68156405e+09, 1.68156532e+09, 1.68156558e+09,
       1.68156696e+09, 1.68156885e+09, 1.68160837e+09, 1.68160843e+09,
       1.68160845e+09, 1.68170763e+09, 1.68173973e+09, 1.68173975e+09,
       1.68182635e+09, 1.68182635e+09, 1.68182636e+09, 1.68182636e+09,
       1.68186788e+09, 1.68195720e+09, 1.68195731e+09, 1.68211434e+09,
       1.68211443e+09, 1.68211449e+09, 1.68213671e+09, 1.68213674e+09,
       1.68213834e+09, 1.68213867e+09, 1.68214038e+09, 1.68217450e+09,
       1.68217466e+09, 1.68217467e+09, 1.68217468e+09, 1.68217476e+09,
       1.68217522e+09, 1.68217621e+09, 1.68217625e+09, 1.68217626e+09,
       1.68217648e+09, 1.68217782e+09, 1.68218198e+09, 1.68218218e+09,
       1.68218350e+09, 1.68218369e+09, 1.68218426e+09, 1.68218431e+09,
       1.68218879e+09, 1.68218879e+09, 1.68218881e+09, 1.68218881e+09,
       1.68219091e+09, 1.68219266e+09, 1.68219294e+09, 1.68219327e+09,
       1.68219811e+09, 1.68219838e+09, 1.68220611e+09, 1.68220612e+09,
       1.68220613e+09, 1.68220613e+09, 1.68220614e+09, 1.68220648e+09,
       1.68220663e+09, 1.68220710e+09, 1.68220716e+09, 1.68220751e+09,
       1.68221108e+09, 1.68221505e+09, 1.68221590e+09, 1.68221605e+09,
       1.68221614e+09, 1.68221616e+09, 1.68221626e+09, 1.68221778e+09,
       1.68221990e+09, 1.68221991e+09, 1.68221991e+09, 1.68221991e+09,
       1.68222104e+09, 1.68222492e+09, 1.68225276e+09, 1.68225276e+09,
       1.68225277e+09, 1.68225537e+09, 1.68225539e+09, 1.68225639e+09,
       1.68227876e+09, 1.68227876e+09, 1.68229081e+09, 1.68229082e+09,
       1.68229146e+09, 1.68231075e+09, 1.68235277e+09, 1.68235278e+09,
       1.68235292e+09, 1.68235329e+09, 1.68235364e+09, 1.68235372e+09,
       1.68235548e+09, 1.68235550e+09, 1.68236894e+09, 1.68236915e+09,
       1.68236946e+09, 1.68236953e+09, 1.68237358e+09, 1.68237359e+09,
       1.68238490e+09, 1.68239241e+09, 1.68242744e+09, 1.68242807e+09,
       1.68244269e+09, 1.68245808e+09, 1.68245824e+09, 1.68245826e+09,
       1.68245938e+09, 1.68245938e+09, 1.68245939e+09, 1.68245939e+09,
       1.68245940e+09, 1.68246135e+09, 1.68246233e+09, 1.68247566e+09,
       1.68247566e+09, 1.68247600e+09, 1.68247611e+09, 1.68247612e+09,
       1.68247640e+09, 1.68247644e+09, 1.68247685e+09, 1.68250724e+09,
       1.68254566e+09, 1.68254574e+09, 1.68254697e+09, 1.68254706e+09,
       1.68255988e+09, 1.68255990e+09, 1.68255992e+09, 1.68256075e+09,
       1.68256076e+09, 1.68256079e+09, 1.68256320e+09, 1.68256381e+09,
       1.68256430e+09, 1.68256479e+09, 1.68256577e+09, 1.68256631e+09,
       1.68260305e+09, 1.68260306e+09, 1.68260306e+09, 1.68262230e+09,
       1.68262569e+09, 1.68262761e+09, 1.68263038e+09, 1.68263039e+09,
       1.68263271e+09, 1.68263889e+09, 1.68264098e+09, 1.68264527e+09,
       1.68264566e+09, 1.68264610e+09, 1.68264712e+09, 1.68264876e+09,
       1.68264881e+09, 1.68264998e+09, 1.68265030e+09, 1.68265031e+09,
       1.68265117e+09, 1.68265556e+09, 1.68265600e+09, 1.68265620e+09,
       1.68265621e+09, 1.68265621e+09, 1.68265621e+09, 1.68265621e+09,
       1.68265622e+09, 1.68265622e+09, 1.68265623e+09, 1.68265623e+09,
       1.68265625e+09, 1.68265625e+09, 1.68265626e+09, 1.68265626e+09,
       1.68265628e+09, 1.68265659e+09, 1.68265810e+09, 1.68265812e+09,
       1.68265817e+09, 1.68265818e+09, 1.68265967e+09, 1.68266255e+09,
       1.68268438e+09, 1.68268487e+09, 1.68268494e+09, 1.68268596e+09,
       1.68268640e+09, 1.68268914e+09, 1.68268916e+09, 1.68268979e+09,
       1.68269082e+09, 1.68269125e+09, 1.68269134e+09, 1.68269631e+09,
       1.68269640e+09, 1.68271154e+09, 1.68271196e+09, 1.68271198e+09,
       1.68271517e+09, 1.68271622e+09, 1.68271656e+09, 1.68271656e+09,
       1.68271656e+09, 1.68272357e+09, 1.68272420e+09, 1.68272573e+09,
       1.68272687e+09, 1.68272806e+09, 1.68272821e+09, 1.68272985e+09,
       1.68272988e+09, 1.68272998e+09, 1.68273008e+09, 1.68273038e+09,
       1.68273040e+09, 1.68273205e+09, 1.68273237e+09, 1.68273240e+09,
       1.68273240e+09, 1.68273257e+09, 1.68273387e+09, 1.68274391e+09,
       1.68274391e+09, 1.68274404e+09, 1.68274404e+09, 1.68274406e+09,
       1.68274406e+09, 1.68274409e+09, 1.68274409e+09, 1.68274442e+09,
       1.68277744e+09, 1.68277757e+09, 1.68277757e+09, 1.68277762e+09,
       1.68278072e+09, 1.68278072e+09, 1.68278179e+09, 1.68278208e+09,
       1.68278275e+09, 1.68278308e+09, 1.68278323e+09, 1.68278325e+09,
       1.68278445e+09, 1.68278450e+09, 1.68278550e+09, 1.68278770e+09,
       1.68278889e+09, 1.68278908e+09, 1.68278913e+09, 1.68278916e+09,
       1.68278925e+09, 1.68278926e+09, 1.68278944e+09, 1.68278981e+09,
       1.68279207e+09, 1.68279399e+09, 1.68280987e+09, 1.68281510e+09,
       1.68281518e+09, 1.68281520e+09, 1.68282059e+09, 1.68282059e+09,
       1.68282076e+09, 1.68282223e+09, 1.68282267e+09, 1.68282371e+09,
       1.68282374e+09, 1.68282476e+09, 1.68282493e+09, 1.68282502e+09,
       1.68282565e+09, 1.68282664e+09, 1.68282673e+09, 1.68286526e+09,
       1.68286527e+09, 1.68291396e+09, 1.68291408e+09, 1.68291784e+09,
       1.68295050e+09, 1.68298904e+09, 1.68298955e+09, 1.68299147e+09,
       1.68299306e+09, 1.68299307e+09, 1.68299354e+09, 1.68299358e+09,
       1.68299440e+09, 1.68299479e+09, 1.68299557e+09, 1.68299558e+09,
       1.68300225e+09, 1.68300225e+09, 1.68300226e+09, 1.68300226e+09,
       1.68300226e+09, 1.68300227e+09, 1.68300228e+09, 1.68300229e+09,
       1.68300606e+09, 1.68303131e+09, 1.68303191e+09, 1.68303720e+09,
       1.68303816e+09, 1.68303906e+09, 1.68303997e+09, 1.68304005e+09,
       1.68305188e+09, 1.68305218e+09, 1.68305588e+09, 1.68305620e+09,
       1.68305620e+09, 1.68305620e+09, 1.68305626e+09, 1.68305781e+09,
       1.68305861e+09, 1.68306038e+09, 1.68307875e+09, 1.68308427e+09,
       1.68308433e+09, 1.68311754e+09, 1.68311756e+09, 1.68311767e+09,
       1.68311855e+09, 1.68311859e+09, 1.68311859e+09, 1.68311865e+09,
       1.68311866e+09, 1.68313502e+09, 1.68314064e+09, 1.68314107e+09,
       1.68314108e+09, 1.68314287e+09, 1.68314288e+09, 1.68314289e+09,
       1.68314295e+09, 1.68315976e+09, 1.68316004e+09, 1.68316463e+09,
       1.68316738e+09, 1.68316982e+09, 1.68317609e+09, 1.68317776e+09,
       1.68317780e+09, 1.68317956e+09, 1.68321430e+09, 1.68321432e+09,
       1.68321434e+09, 1.68321571e+09, 1.68321648e+09, 1.68321730e+09,
       1.68322659e+09, 1.68323048e+09, 1.68323049e+09, 1.68323309e+09,
       1.68323314e+09, 1.68323337e+09, 1.68323346e+09, 1.68323462e+09,
       1.68323508e+09, 1.68323519e+09, 1.68323654e+09, 1.68323857e+09,
       1.68323870e+09, 1.68324215e+09, 1.68325314e+09, 1.68325314e+09,
       1.68325316e+09, 1.68325342e+09, 1.68325359e+09, 1.68325362e+09,
       1.68325375e+09, 1.68325392e+09, 1.68325400e+09, 1.68325405e+09,
       1.68325405e+09, 1.68325405e+09, 1.68325443e+09, 1.68325446e+09,
       1.68325454e+09, 1.68325454e+09, 1.68325498e+09, 1.68325498e+09,
       1.68325520e+09, 1.68325560e+09, 1.68325991e+09, 1.68326024e+09,
       1.68326067e+09, 1.68326113e+09, 1.68326138e+09, 1.68326199e+09,
       1.68329341e+09, 1.68329367e+09, 1.68329524e+09, 1.68329799e+09,
       1.68329799e+09, 1.68329800e+09, 1.68329800e+09, 1.68329869e+09,
       1.68329870e+09, 1.68329874e+09, 1.68330020e+09, 1.68330024e+09,
       1.68330027e+09, 1.68330346e+09, 1.68330346e+09, 1.68330549e+09,
       1.68330755e+09, 1.68330755e+09, 1.68331073e+09, 1.68331074e+09,
       1.68331261e+09, 1.68331459e+09, 1.68332289e+09, 1.68332293e+09,
       1.68333362e+09, 1.68333448e+09, 1.68333609e+09, 1.68333664e+09,
       1.68333738e+09, 1.68333959e+09, 1.68333974e+09, 1.68338447e+09,
       1.68338453e+09, 1.68338487e+09, 1.68338518e+09, 1.68338520e+09,
       1.68338558e+09, 1.68338649e+09, 1.68339495e+09, 1.68339762e+09,
       1.68340163e+09, 1.68340171e+09, 1.68340243e+09, 1.68340374e+09,
       1.68340488e+09, 1.68340632e+09, 1.68340634e+09, 1.68340682e+09,
       1.68341197e+09, 1.68341402e+09, 1.68342348e+09, 1.68342509e+09,
       1.68342532e+09, 1.68342533e+09, 1.68342534e+09, 1.68342548e+09,
       1.68342783e+09, 1.68342784e+09, 1.68342842e+09, 1.68342852e+09,
       1.68342853e+09, 1.68342934e+09, 1.68342947e+09, 1.68343468e+09,
       1.68343474e+09, 1.68343853e+09, 1.68346346e+09, 1.68351435e+09,
       1.68360960e+09, 1.68363858e+09, 1.68368241e+09, 1.68368250e+09,
       1.68368276e+09, 1.68368277e+09, 1.68368278e+09, 1.68368282e+09,
       1.68368288e+09, 1.68368727e+09, 1.68372437e+09, 1.68372943e+09,
       1.68376813e+09, 1.68376929e+09, 1.68377418e+09, 1.68381189e+09,
       1.68381195e+09, 1.68381212e+09, 1.68381416e+09, 1.68381429e+09,
       1.68381645e+09, 1.68381834e+09, 1.68382020e+09, 1.68382106e+09,
       1.68382644e+09, 1.68383032e+09, 1.68383033e+09, 1.68383034e+09,
       1.68383342e+09, 1.68383480e+09, 1.68383649e+09, 1.68384043e+09,
       1.68384043e+09, 1.68384053e+09, 1.68385036e+09, 1.68386472e+09,
       1.68418581e+09, 1.68418598e+09, 1.68423301e+09, 1.68423305e+09,
       1.68423310e+09, 1.68423314e+09, 1.68423314e+09, 1.68423975e+09,
       1.68424607e+09, 1.68439250e+09, 1.68446973e+09, 1.68447192e+09,
       1.68447290e+09, 1.68454778e+09, 1.68495751e+09, 1.68513691e+09])]

First 5 entries of neighbor indices:
[array([], dtype=float64), array([1915185, 3608912, 3768015, 3768743, 3780872, 3834269, 3835626,
       3836229, 3852232, 3852287, 3853292, 3929356, 4094772, 4134844,
       4134988, 4134994, 4135005, 4135055, 4135069, 4148574, 4462112,
       5160305, 5178295, 5178451, 5178463, 6359003, 6359505, 6386443,
       6679142], dtype=int32), array([], dtype=float64), array([13910234, 13987441, 14316412, 14359044, 14359126], dtype=int32), array([  284431,   284444,   311874,   312424,   312445,   312506,
         312562,   322617,   322630,   323274,   323996,   324024,
         324803,   325048,   326701,   326706,   326712,   326716,
         329301,   329322,   329442,   330575,   331253,   331990,
         337176,   348677,   349188,   349225,   385931,   417446,
         438702,   439696,   466971,   637259,   637263,   641207,
         727926,   738341,   803216,   803369,   804820,   811170,
         811279,   811378,   815606,   815933,   815935,   815938,
         816069,   832511,   832512,   832654,   832806,   832816,
         833643,   833867,   834921,   836539,   867797,   867845,
         867857,   931482,   946032,   946046,  1003562,  1003565,
        1003571,  1003575,  1047297,  1175887,  1176039,  1388470,
        1388637,  1388754,  1422569,  1422590,  1424189,  1424467,
        1426252,  1459136,  1459437,  1459455,  1459490,  1459622,
        1460361,  1461992,  1462029,  1462046,  1462368,  1464439,
        1471658,  1471985,  1473886,  1474155,  1474974,  1475043,
        1481644,  1481646,  1481675,  1481682,  1484453,  1486482,
        1486865,  1487310,  1493054,  1493339,  1503269,  1503289,
        1503291,  1503297,  1503313,  1503755,  1503969,  1504683,
        1504755,  1505226,  1510369,  1515520,  1516788,  1516974,
        1517043,  1517065,  1517194,  1519319,  1522224,  1522225,
        1522227,  1522233,  1523585,  1527787,  1550120,  1550122,
        1550126,  1553012,  1553046,  1554228,  1589971,  1589978,
        1610939,  1610947,  1612118,  1646603,  1705149,  1705160,
        1705493,  1706258,  1707115,  1707285,  1710940,  1710972,
        1746764,  1747270,  1747959,  1748130,  1758063,  1758070,
        1780650,  1796272,  1843762,  1845239,  1883280,  1920190,
        1920609,  1920639,  1923529,  1923550,  1923559,  1923568,
        1923608,  1929042,  1931878,  1965984,  1965991,  1966702,
        1966938,  1966968,  1967577,  1967665,  1968597,  2014578,
        2111081,  2111299,  2114918,  2115144,  2153191,  2153264,
        2153359,  2155422,  2155459,  2155530,  2163463,  2165100,
        2166488,  2168065,  2171222,  2172786,  2241928,  2241937,
        2241948,  2318957,  2337410,  2350197,  2370017,  2370075,
        2380530,  2424636,  2437551,  2467329,  2469916,  2473254,
        2480773,  2492212,  2492698,  2500481,  2502759,  2502848,
        2509377,  2537865,  2540373,  2541314,  2541346,  2541368,
        2541380,  2541398,  2541412,  2541430,  2541469,  2541488,
        2541558,  2541576,  2541614,  2541633,  2541710,  2543116,
        2550281,  2550379,  2550596,  2550637,  2557346,  2567595,
        2618210,  2619868,  2620126,  2623917,  2625368,  2636558,
        2636632,  2639578,  2644502,  2646726,  2647157,  2674495,
        2674963,  2759457,  2761769,  2761820,  2778286,  2784081,
        2785951,  2785976,  2785982,  2821851,  2824985,  2831848,
        2837144,  2842822,  2843397,  2851157,  2851265,  2851762,
        2852175,  2853502,  2853619,  2861867,  2863477,  2863620,
        2863623,  2864525,  2871116,  2920224,  2920242,  2920800,
        2920828,  2920888,  2920898,  2920991,  2920994,  2922317,
        3001655,  3002180,  3002196,  3002434,  3016406,  3016419,
        3021714,  3023149,  3026644,  3028439,  3029254,  3029338,
        3035636,  3035845,  3041346,  3052820,  3058728,  3059713,
        3059958,  3060102,  3060510,  3060549,  3061352,  3063065,
        3074739,  3084142,  3212437,  3239178,  3240058,  3240219,
        3293967,  3293984,  3295735,  3311157,  3315397,  3325363,
        3325584,  3335311,  3336809,  3337586,  3342681,  3347419,
        3347851,  3449292,  3449326,  3686854,  3687290,  3700694,
        3769823,  3965296,  3967887,  3977773,  3985460,  3985477,
        3987583,  3987804,  3991467,  3993155,  3996479,  3996537,
        4025065,  4025071,  4025087,  4025097,  4025102,  4025109,
        4025151,  4025168,  4036894,  4083915,  4085699,  4104725,
        4108630,  4112434,  4116522,  4116846,  4167530,  4168888,
        4184456,  4185812,  4185831,  4185859,  4186060,  4192620,
        4196392,  4204418,  4295103,  4321807,  4322094,  4409428,
        4409490,  4409930,  4413120,  4413288,  4413295,  4413577,
        4413591,  4495113,  4523112,  4525145,  4525163,  4534170,
        4534215,  4534287,  4534629,  4619483,  4621027,  4646959,
        4661134,  4672663,  4699365,  4704999,  4705171,  4710417,
        4810492,  4810615,  4810683,  4818153,  4822205,  4826516,
        4875314,  4894799,  4894833,  4907580,  4907840,  4908999,
        4909452,  4915398,  4917702,  4918209,  4924742,  4934404,
        4934992,  4951678,  5004308,  5004346,  5004393,  5005544,
        5006295,  5006409,  5007052,  5007839,  5008225,  5008439,
        5008448,  5008470,  5010555,  5010694,  5011078,  5011099,
        5013317,  5013323,  5014544,  5016675,  5035877,  5037216,
        5039163,  5041194,  5042201,  5044340,  5115818,  5116787,
        5123726,  5136354,  5136365,  5136408,  5136426,  5139842,
        5139864,  5140095,  5147438,  5147604,  5147754,  5162677,
        5162689,  5172959,  5183688,  5183706,  5197485,  5197574,
        5205438,  5213990,  5251684,  5251856,  5299724,  5303831,
        5311506,  5313935,  5317401,  5328266,  5328965,  5450006,
        5450247,  5451528,  5452811,  5452876,  5454303,  5457793,
        5493384,  5503614,  5519426,  5519780,  5522489,  5527347,
        5531491,  5536464,  5536536,  5538535,  5558243,  5565958,
        5599453,  5605266,  5618610,  5619241,  5620787,  5621698,
        5704782,  5704833,  5706842,  5707205,  5707239,  5710191,
        5710724,  5727654,  5727847,  5737725,  5779784,  5967040,
        6262067,  6335764,  6517614,  6518019,  6519167,  6519225,
        6519298,  6519475,  6519719,  6539447,  6625118,  6645510,
        6793351,  6797473,  6815722,  6906440,  6906640,  6907176,
        6914556,  6914943,  6922233,  6928841,  6935593,  6938681,
        6956892,  6970148,  6970167,  6970213,  6982549,  6987640,
        6994814,  7010425,  7010460,  7010906,  7047924,  7102104,
        8118675,  8119288,  8254116,  8254164,  8254277,  8254338,
        8254354,  8270098,  8293187,  8821411,  9079128,  9085024,
        9087619,  9311236, 10390237, 10882156], dtype=int32)]