
=== full ===
src_node_ids:
[12249 50948 24219 13744 50948]

dst_node_ids:
[ 107717 3150865 2454231  107717  107717]

node_interact_times:
[1.67254100e+09 1.67254139e+09 1.67254512e+09 1.67255022e+09
 1.67255130e+09]

edge_ids:
[1 2 3 4 5]

labels:
[0 0 0 0 0]

idx:
[1 2 3 4 5]


=== train ===
src_node_ids:
[24219 95618 24219 65607 95618]

dst_node_ids:
[2454231 4373025 1689366 1689366 5542542]

node_interact_times:
[1.67254512e+09 1.67255310e+09 1.67255602e+09 1.67255802e+09
 1.67256303e+09]

edge_ids:
[ 3  9 11 12 13]

labels:
[0 0 0 0 0]

idx:
[ 3  9 11 12 13]


=== val ===
src_node_ids:
[44910 19538 80478 94696 77186]

dst_node_ids:
[ 973571 2180524 1444817 2818506 4504621]

node_interact_times:
[1.68676471e+09 1.68676471e+09 1.68676471e+09 1.68676471e+09
 1.68676471e+09]

edge_ids:
[15491982 15491983 15491984 15491985 15491986]

labels:
[0 0 0 0 0]

idx:
[15491982 15491983 15491984 15491985 15491986]


=== test ===
src_node_ids:
[94472 93516 42856 36277 23514]

dst_node_ids:
[ 948715 1081594 3503783  410227 2422278]

node_interact_times:
[1.68754965e+09 1.68754965e+09 1.68754965e+09 1.68754965e+09
 1.68754965e+09]

edge_ids:
[18811690 18811691 18811692 18811693 18811694]

labels:
[0 0 0 0 0]

idx:
[18811690 18811691 18811692 18811693 18811694]


=== new_node_val ===
src_node_ids:
[ 19538  77186  16893 104095  12784]

dst_node_ids:
[2180524 4504621 1923935 5867508  146827]

node_interact_times:
[1.68676471e+09 1.68676471e+09 1.68676471e+09 1.68676471e+09
 1.68676471e+09]

edge_ids:
[15491983 15491986 15491987 15491988 15491991]

labels:
[0 0 0 0 0]

idx:
[15491983 15491986 15491987 15491988 15491991]


=== new_node_test ===
src_node_ids:
[94472 93516 42856 36277 23514]

dst_node_ids:
[ 948715 1081594 3503783  410227 2422278]

node_interact_times:
[1.68754965e+09 1.68754965e+09 1.68754965e+09 1.68754965e+09
 1.68754965e+09]

edge_ids:
[18811690 18811691 18811692 18811693 18811694]

labels:
[0 0 0 0 0]

idx:
[18811690 18811691 18811692 18811693 18811694]

