=== Extracted Arrays ===
Split Times - Val: 1686764707.0, Test: 1687549646.0

src_node_ids (shape: (22131398,)):
[12249 50948 24219 13744 50948 50948 50948 50948 95618 50948 24219 65607
 95618 95618 44147 44147 13744 13744 13744 92310]

dst_node_ids (shape: (22131398,)):
[ 107717 3150865 2454231  107717  107717 3566601 3946712 2582622 4373025
 1689366 1689366 1689366 5542542 1689367  107717 3566601 1689365 1689366
 1689367 1689365]

edge_ids (shape: (22131398,)):
[ 1  2  3  4  5  6  7  8  9 10 11 12 13 14 15 16 17 18 19 20]

node_interact_times (shape: (22131398,)):
[1.67254100e+09 1.67254139e+09 1.67254512e+09 1.67255022e+09
 1.67255130e+09 1.67255173e+09 1.67255174e+09 1.67255175e+09
 1.67255310e+09 1.67255422e+09 1.67255602e+09 1.67255802e+09
 1.67256303e+09 1.67256303e+09 1.67258851e+09 1.67258860e+09
 1.67259665e+09 1.67259667e+09 1.67259667e+09 1.67259710e+09]

labels (shape: (22131398,)):
[0 0 0 0 0 0 0 0 0 0 0 0 0 0 0 0 0 0 0 0]

src_max_id: 106367
