array([[-0.19910926, -0.47476324,  0.16288786, ...,  0.11046586,
         0.03127961,  0.03169664],
       [-0.16369602, -0.3830995 ,  0.05190869, ..., -0.00336593,
         0.06143267,  0.16164748],
       [-0.0833835 , -0.18518324,  0.03484073, ..., -0.04425579,
         0.06891327,  0.09544636],
       ...,
       [-0.0752855 , -0.33912441,  0.16175124, ...,  0.14389899,
         0.15778729,  0.04185143],
       [-0.07750779, -0.27334252,  0.2175844 , ..., -0.18918262,
         0.12447961,  0.0151767 ],
       [-0.06061841, -0.19673866,  0.1252806 , ...,  0.00173597,
         0.00411953, -0.13798502]])